100101101
100101106
100101108
100101109
100101111
100101113
100102104
100102106
100102109
102101100
102102100
102103100
102104100
103101100
103107100
103109100
104101100
104102100
104103100
104104100
104108100
104109100
104110100
104111100
105104100
107101100
107102100
108101100
109102100
109108100
109112100
110101100
110103100
110104100
110106100
110107100
110110100
111101100
113104100
115101100
115103100
115104100
116104100
117104100
117105100
118101101
118101102
118102100
118104100
118105100
118106100
118107100
118108100
120102100
123105100
125100100
126103100
127101100
128100100
129100100
130101100
130102100
130103100
130104100
130105100
130106100
130107100
130108100
130109100
108105100
117101100
110102100
110108100
113109100
117103100
123101100
114102100
116101100
118103100
100101114
101101100
101102100
105101100
106102100
108106100
109106100
118101103
127102100
103103100
100102105
101104100
104105100
114101100
111102100
100102108
108104100
110105100
105106100
123102100
109101100
113119100
117102100
120103100
113118100
100102113
108108100
113101101
108102100
108103100
123106100
100101102
124101100
