0
100
101
102
103
104
105
106
107
108
109
110
111
113
114
115
116
117
118
119
120
121
122
123
124
125
126
127
129
130
130100
130200
130300
130400
130500
130600
130700
130800
130900
131000
131100
132
133
134
135
136
137
139
141
143
145
146
148
149
150
151
152
153
154
156
157
158
159
160
161
162
164
165
167
169
170
171
172
173
174
175
176
178
179
180
181
182
185
186
187
188
189
190
191
192
193
194
195
196
197
198
199
201
202
203
204
205
206
208
209
210
212
213
214
215
217
218
221
222
225
226
227
229
231
232
233
234
235
236
237
238
239
240
241
242
243
244
245
246
261
262
263
264
265
266
267
268
269
271
272
273
274
275
277
278
279
280
283
287
288
289
291
293
294
296
297
299
300
301
303
304
305
306
307
308
309
310
311
312
313
314
315
316
317
318
319
320
321
322
324
325
326
327
328
329
330
331
332
333
335
336
337
338
339
340
342
343
344
345
346
347
349
35
350
351
352
353
354
355
356
357
358
36
360
361
362
363
364
366
367
369
37
370
371
372
375
376
377
378
38
380
381
382
383
384
385
386
387
388
389
39
390
391
392
393
394
395
396
397
398
399
40
400
401
402
403
404
405
406
407
408
409
410
411
412
413
414
415
416
417
418
42
420
421
422
423
424
425
426
427
428
429
43
431
432
433
434
435
436
437
439
44
440
441
442
443
444
445
447
448
449
45
450
451
452
453
454
455
456
457
458
459
46
460
47
48
49
51
52
53
54
55
56
57
58
59
60
61
62
63
64
65
66
68
69
70
71
72
73
74
75
76
77
78
79
80
81
82
85
86
87
89
90
91
92
93
95
96
97
99
438
430
